<?xml version="1.0" encoding="UTF-8"?>
<map version="1.10" tiledversion="1.11.1-99-gec89c545" orientation="orthogonal" renderorder="right-down" width="15" height="20" tilewidth="32" tileheight="32" infinite="0" nextlayerid="5" nextobjectid="1">
 <tileset firstgid="1" source="Spaceship-tileset.tsx"/>
 <tileset firstgid="101" source="Space station._32_2-objects.tsx"/>
 <tileset firstgid="1529" source="Space station._32_2-space-light-shadow-blood.tsx"/>
 <tileset firstgid="2957" source="units.tsx"/>
 <layer id="1" name="Floor" width="15" height="20">
  <data encoding="csv">
4,1,1,1,1,1,1,1,1,1,1,1,1,1,5,
2,13,13,12,11,13,13,12,13,13,13,12,13,13,2,
2,28,28,28,28,28,28,28,28,28,28,28,28,29,2,
2,28,28,28,28,28,28,28,28,28,28,28,28,28,2,
2,28,28,28,28,28,28,28,28,28,28,28,28,28,2,
2,28,28,28,28,28,28,28,28,28,28,28,28,28,2,
2,28,28,28,28,28,28,28,28,28,28,28,28,28,2,
2,28,28,28,28,28,28,28,28,28,28,28,28,28,2,
20,1,1,1,1,17,26,26,26,16,1,1,1,1,10,
2,13,13,13,12,13,26,26,26,13,12,13,13,11,2,
2,22,23,23,23,23,26,26,26,23,23,23,23,23,2,
2,26,26,26,26,26,26,26,26,26,26,26,26,26,2,
2,26,26,26,26,26,26,26,26,26,26,26,26,26,2,
2,26,26,26,26,26,16,1,17,26,26,26,26,26,2,
2,26,26,26,26,26,12,11,12,26,26,26,26,26,2,
2,26,26,26,26,26,26,26,26,26,26,26,26,26,2,
2,26,26,26,26,26,26,26,26,26,26,26,26,26,2,
6,1,1,1,1,1,1,1,1,1,1,1,1,1,7,
78,76,71,72,73,74,77,78,77,78,76,77,77,78,76,
81,81,81,82,83,84,85,95,95,95,95,95,95,95,95
</data>
 </layer>
 <layer id="2" name="Objects" width="15" height="20">
  <data encoding="csv">
0,0,0,0,0,0,0,0,0,0,0,0,0,0,0,
0,0,0,0,0,0,0,0,0,0,0,0,0,0,0,
0,0,0,0,946,0,0,0,0,0,0,0,1122,0,0,
0,0,396,397,988,0,0,0,0,0,0,0,1164,1165,0,
0,0,438,0,0,0,313,0,0,0,0,0,0,0,0,
0,0,480,481,0,0,0,356,357,0,0,0,0,0,0,
0,0,0,0,0,0,0,0,0,0,1038,1039,0,0,0,
0,0,0,0,0,0,0,0,0,0,1080,1081,1082,0,0,
0,0,0,0,0,0,0,0,0,0,0,0,0,0,0,
0,0,0,0,0,0,0,0,1209,0,0,0,0,0,0,
0,0,901,0,0,0,0,0,1251,0,0,0,0,0,0,
0,0,0,0,0,0,0,0,1293,1294,0,0,0,0,0,
0,0,0,0,0,0,0,0,1335,1336,0,0,0,0,0,
0,0,0,0,0,0,0,0,0,0,367,368,369,0,0,
0,1240,1241,0,0,0,0,0,0,0,409,410,411,0,0,
0,1282,1283,0,0,0,0,900,0,0,0,0,0,0,0,
0,1324,1325,0,0,0,0,0,0,0,0,0,0,0,0,
0,0,0,0,0,0,0,0,0,0,0,0,0,0,0,
0,0,0,0,0,0,0,0,0,0,0,0,0,0,0,
0,0,0,0,0,0,0,0,0,0,0,0,0,0,0
</data>
 </layer>
 <layer id="3" name="Blood and shadows" width="15" height="20">
  <data encoding="csv">
0,0,0,0,0,0,0,0,0,0,0,0,0,0,0,
0,0,0,0,0,0,0,0,1868,0,0,0,0,0,0,
0,2508,0,0,0,0,0,0,0,0,0,0,0,0,0,
0,2508,0,0,0,0,0,0,0,0,0,0,0,0,0,
0,2508,0,0,0,0,0,0,0,0,0,0,0,0,0,
0,2508,0,0,0,2095,0,0,0,0,0,0,0,0,0,
0,2508,0,0,0,2137,0,0,0,0,0,0,0,0,0,
0,2508,0,0,0,0,0,0,0,0,0,0,0,0,0,
0,0,0,0,0,0,0,0,0,0,0,0,0,0,0,
0,0,0,0,0,2118,2508,0,0,0,0,0,0,0,0,
0,2508,0,0,0,2221,2222,0,0,0,0,0,0,0,0,
0,2508,0,0,0,2263,2264,1717,0,0,0,0,0,0,0,
0,2508,0,0,2304,2305,0,0,0,0,0,0,0,0,0,
0,2508,0,0,2346,2347,0,0,0,0,0,0,0,0,0,
0,2508,0,0,0,0,1753,0,0,0,0,0,0,0,0,
0,2508,0,0,0,0,0,0,0,0,0,0,0,0,0,
0,2508,0,0,0,0,0,0,0,0,0,0,0,0,0,
0,0,0,0,0,0,0,0,0,0,0,0,0,0,0,
0,0,0,0,0,0,0,0,0,0,0,0,0,0,0,
0,0,0,0,0,0,0,0,0,0,0,0,0,0,0
</data>
 </layer>
 <layer id="4" name="Units" width="15" height="20">
  <data encoding="csv">
0,0,0,0,0,0,0,0,0,0,0,0,0,0,0,
0,0,0,0,0,0,0,0,0,0,0,0,0,0,0,
0,0,0,0,0,0,0,0,0,0,0,0,0,2962,0,
0,0,0,0,0,0,0,0,0,0,0,0,0,0,0,
0,0,0,0,0,0,0,0,0,0,0,0,0,0,0,
0,0,0,0,0,0,2961,0,2961,0,0,0,0,0,0,
0,0,0,0,0,0,0,0,0,0,0,0,0,0,0,
0,0,0,0,0,2960,0,0,0,2960,0,0,0,0,0,
0,0,0,0,0,0,0,0,0,0,0,0,0,0,0,
0,0,0,0,0,0,0,0,0,0,0,0,0,0,0,
0,0,0,0,0,0,0,0,0,0,0,0,0,0,0,
0,0,0,0,0,0,0,0,0,0,0,0,0,0,0,
0,0,0,0,0,0,0,0,0,0,0,0,0,0,0,
0,0,0,0,0,2957,0,0,0,2957,0,0,0,0,0,
0,0,0,0,0,0,0,0,0,0,0,0,0,0,0,
0,0,0,0,0,0,0,0,0,0,0,0,0,0,0,
0,0,0,0,2958,0,0,0,0,0,2958,0,0,0,0,
0,0,0,0,0,0,0,0,0,0,0,0,0,0,0,
0,0,0,0,0,0,0,0,0,0,0,0,0,0,0,
0,0,0,0,0,0,0,0,0,0,0,0,0,0,0
</data>
 </layer>
</map>
