<?xml version="1.0" encoding="UTF-8"?>
<map version="1.10" tiledversion="1.11.1-99-gec89c545" orientation="orthogonal" renderorder="right-down" width="30" height="30" tilewidth="32" tileheight="32" infinite="0" nextlayerid="5" nextobjectid="1">
 <tileset firstgid="1" source="Spaceship-tileset.tsx"/>
 <tileset firstgid="101" source="Space station._32_2-objects.tsx"/>
 <tileset firstgid="1529" source="Space station._32_2-space-light-shadow-blood.tsx"/>
 <tileset firstgid="2957" source="units.tsx"/>
 <layer id="1" name="Floor" width="30" height="30">
  <data encoding="csv">
0,0,0,0,0,0,0,0,0,0,0,0,0,0,0,0,0,0,0,0,0,0,0,0,0,0,0,0,0,0,
0,0,0,0,0,0,0,0,0,0,0,0,0,0,0,0,0,0,0,0,0,0,0,0,0,0,0,0,0,0,
0,0,18,41,42,43,44,45,16,1,1,1,1,1,1,1,1,1,1,1,1,17,41,42,43,44,45,18,0,0,
0,0,2,51,52,53,54,55,13,12,13,13,12,13,13,11,13,12,13,13,12,13,51,52,53,54,55,2,0,0,
0,0,2,61,62,63,64,65,26,26,26,26,26,26,26,26,26,26,26,26,26,26,61,62,63,64,65,2,0,0,
0,0,2,41,42,43,44,45,26,26,26,26,26,26,26,26,26,26,26,26,26,26,41,42,43,44,45,2,0,0,
0,0,2,51,52,53,54,55,26,26,26,26,26,26,26,26,26,26,26,26,26,26,51,52,53,54,55,2,0,0,
0,0,2,61,62,63,64,65,26,26,26,26,26,26,26,26,26,26,26,26,26,26,61,62,63,64,65,2,0,0,
0,0,2,41,42,43,44,45,26,26,26,26,26,26,26,26,26,26,26,26,26,26,41,42,43,44,45,2,0,0,
0,0,2,51,52,53,54,55,26,26,26,26,26,26,26,26,26,26,26,26,26,26,51,52,53,54,55,2,0,0,
0,0,2,61,62,63,64,65,26,26,26,26,26,26,26,26,26,26,26,26,26,26,61,62,63,64,65,2,0,0,
0,0,2,41,42,43,44,45,26,26,26,26,26,26,26,26,26,26,26,26,26,26,41,42,43,44,45,2,0,0,
0,0,2,51,52,53,54,55,26,26,26,26,26,26,26,26,26,26,26,26,26,26,51,52,53,54,55,2,0,0,
0,0,2,61,62,63,64,65,26,26,26,26,26,26,26,26,26,26,26,26,26,26,61,62,63,64,65,2,0,0,
0,0,2,41,42,43,44,45,26,26,26,26,26,26,26,26,26,26,26,26,26,26,41,42,43,44,45,2,0,0,
0,0,2,51,52,53,54,55,26,26,26,26,26,26,26,26,26,26,26,26,26,26,51,52,53,54,55,2,0,0,
0,0,2,61,62,63,64,65,26,26,26,26,26,26,26,26,26,26,26,26,26,26,61,62,63,64,65,2,0,0,
0,0,2,41,42,43,44,45,26,26,26,26,26,26,26,26,26,26,26,26,26,26,41,42,43,44,45,2,0,0,
0,0,2,51,52,53,54,55,26,26,26,26,26,26,26,26,26,26,26,26,26,26,51,52,53,54,55,2,0,0,
0,0,2,61,62,63,64,65,26,26,26,26,26,26,26,26,26,26,26,26,26,26,61,62,63,64,65,2,0,0,
0,0,2,41,42,43,44,45,26,26,26,26,26,26,26,26,26,26,26,26,26,26,41,42,43,44,45,2,0,0,
0,0,2,51,52,53,54,55,26,26,26,26,26,26,26,26,26,26,26,26,26,26,51,52,53,54,55,2,0,0,
0,0,2,61,62,63,64,65,26,26,26,26,26,26,26,26,26,26,26,26,26,26,61,62,63,64,65,2,0,0,
0,0,2,41,42,43,44,45,26,26,26,26,26,26,26,26,26,26,26,26,26,26,41,42,43,44,45,2,0,0,
0,0,2,51,52,53,54,55,26,26,26,26,26,26,26,26,26,26,26,26,26,26,51,52,53,54,55,2,0,0,
0,0,2,61,62,63,64,65,26,26,26,26,26,26,26,26,26,26,26,26,26,26,61,62,63,64,65,2,0,0,
0,0,19,41,42,43,44,45,16,1,1,1,1,1,1,1,1,1,1,1,1,17,41,42,43,44,45,19,0,0,
0,0,71,72,73,74,75,76,77,78,79,80,96,97,71,72,73,74,75,78,78,78,78,78,78,78,78,78,0,0,
0,0,81,82,83,84,85,81,81,81,89,90,94,95,81,82,83,84,85,95,95,95,95,95,95,95,95,95,0,0,
0,0,91,92,92,92,92,92,92,92,92,92,92,92,92,92,92,92,92,92,92,92,92,92,92,92,92,93,0,0
</data>
 </layer>
 <layer id="2" name="Objects" width="30" height="30">
  <data encoding="csv">
0,0,0,0,0,0,0,0,0,0,0,0,0,0,0,0,0,0,0,0,0,0,0,0,0,0,0,0,0,0,
0,0,0,0,0,0,0,0,0,0,0,0,0,0,0,0,0,0,0,0,0,0,0,0,0,0,0,0,0,0,
0,0,0,0,0,0,0,0,0,0,0,0,0,0,0,0,0,0,0,0,0,0,0,0,0,0,0,0,0,0,
0,0,0,0,0,0,0,0,0,0,0,0,0,0,0,0,0,0,0,0,0,0,0,0,0,0,0,0,0,0,
0,0,0,0,0,0,0,0,0,367,368,369,0,1006,1007,1008,1009,1010,0,0,0,0,0,0,0,0,0,0,0,0,
0,0,0,0,0,0,0,0,0,409,410,411,0,1048,1049,1050,1051,1052,0,0,0,0,0,0,0,0,0,0,0,0,
0,0,0,0,0,0,0,0,231,232,233,0,0,1090,1091,1092,1093,1094,0,231,232,233,0,0,0,0,0,0,0,0,
0,0,0,0,0,0,0,0,273,274,275,0,0,1132,1133,1134,1135,1136,0,273,274,275,0,0,0,0,0,0,0,0,
0,0,0,0,0,0,0,0,315,316,317,0,0,1174,1175,1176,1177,1178,0,315,316,317,0,0,0,0,0,0,0,0,
0,0,0,0,0,0,0,0,0,0,0,0,0,1216,1217,1218,1219,1220,0,0,0,0,0,0,0,0,0,0,0,0,
0,0,0,0,0,0,0,0,0,749,750,751,0,0,0,0,0,0,0,0,0,0,0,0,0,0,0,0,0,0,
0,0,0,0,0,0,0,0,0,791,792,793,0,1006,1007,1008,1009,1010,0,0,0,0,0,0,0,0,0,0,0,0,
0,0,0,0,0,0,0,0,0,0,0,0,0,1048,1049,1050,1051,1052,0,0,0,0,0,0,0,0,0,0,0,0,
0,0,0,0,0,0,0,0,231,232,233,0,0,1090,1091,1092,1093,1094,0,231,232,233,0,0,0,0,0,0,0,0,
0,0,0,0,0,0,0,0,273,274,275,0,0,1132,1133,1134,1135,1136,0,273,274,275,0,0,0,0,0,0,0,0,
0,0,0,0,0,0,0,0,315,316,317,0,0,1174,1175,1176,1177,1178,0,315,316,317,0,0,0,0,0,0,0,0,
0,0,0,0,0,0,0,0,0,0,0,0,0,1216,1217,1218,1219,1220,0,0,0,0,0,0,0,0,0,0,0,0,
0,0,0,0,0,0,0,0,0,0,0,0,0,0,0,0,0,0,0,0,0,0,0,0,0,0,0,0,0,0,
0,0,0,0,0,0,0,0,0,0,0,0,0,1006,1007,1008,1009,1010,0,0,0,0,0,0,0,0,0,0,0,0,
0,0,0,0,0,0,0,0,0,0,0,0,0,1048,1049,1050,1051,1052,0,0,0,0,0,0,0,0,0,0,0,0,
0,0,0,0,0,0,0,0,231,232,233,0,0,1090,1091,1092,1093,1094,0,231,232,233,0,0,0,0,0,0,0,0,
0,0,0,0,0,0,0,0,273,274,275,0,0,1132,1133,1134,1135,1136,0,273,274,275,0,0,0,0,0,0,0,0,
0,0,0,0,0,0,0,0,315,316,317,0,0,1174,1175,1176,1177,1178,0,315,316,317,0,0,0,0,0,0,0,0,
0,0,0,0,0,0,0,0,240,241,0,0,0,1216,1217,1218,1219,1220,0,615,616,617,0,0,0,0,0,0,0,0,
0,0,0,0,0,0,0,0,282,283,0,0,0,946,947,948,949,0,0,657,658,659,0,0,0,0,0,0,0,0,
0,0,0,0,0,0,0,0,324,325,0,0,0,988,989,990,991,0,0,699,700,701,0,0,0,0,0,0,0,0,
0,0,0,0,0,0,0,0,0,0,0,0,0,0,0,0,0,0,0,0,0,0,0,0,0,0,0,0,0,0,
0,0,0,0,0,0,0,0,0,0,0,0,0,0,0,0,0,0,0,0,0,0,0,0,0,0,0,0,0,0,
0,0,0,0,0,0,0,0,0,0,0,0,0,0,0,0,0,0,0,0,0,0,0,0,0,0,0,0,0,0,
0,0,0,0,0,0,0,0,0,0,0,0,0,0,0,0,0,0,0,0,0,0,0,0,0,0,0,0,0,0
</data>
 </layer>
 <layer id="3" name="Blood and shadows" width="30" height="30">
  <data encoding="csv">
0,0,0,0,0,0,0,0,0,0,0,0,0,0,0,0,0,0,0,0,0,0,0,0,0,0,0,0,0,0,
0,0,0,0,0,0,0,0,0,0,0,0,0,0,0,0,0,0,0,0,0,0,0,0,0,0,0,0,0,0,
0,0,0,1740,0,0,0,0,0,0,0,0,0,0,0,0,0,0,0,0,0,0,0,0,0,0,0,0,0,0,
0,0,0,1740,0,0,0,0,0,0,0,0,0,0,0,0,0,0,0,0,0,0,0,0,0,0,0,0,0,0,
0,0,0,1740,0,0,0,0,0,0,0,0,0,0,0,0,0,0,0,0,0,0,0,0,0,0,0,0,0,0,
0,0,0,1740,0,0,0,0,0,0,0,0,0,0,0,0,0,0,0,0,0,0,0,0,0,0,0,0,0,0,
0,0,0,1740,0,0,0,0,0,0,0,0,0,0,0,0,0,0,0,0,0,0,0,0,0,0,0,0,0,0,
0,0,0,1740,0,0,0,0,0,0,0,0,0,0,0,2038,2039,0,0,0,0,0,0,0,0,0,0,0,0,0,
0,0,0,1740,0,0,0,0,0,0,0,0,0,0,0,2080,2081,0,0,0,0,0,0,0,0,0,0,0,0,0,
0,0,0,1740,0,0,0,0,0,0,0,0,0,0,0,0,0,0,2497,0,0,0,0,0,0,0,0,0,0,0,
0,0,0,1740,0,0,0,0,0,0,0,0,0,0,0,0,0,0,2539,2540,0,0,0,0,0,0,0,0,0,0,
0,0,0,1740,0,0,0,0,0,0,0,0,0,0,0,0,0,0,0,2582,2583,0,0,0,0,0,0,0,0,0,
0,0,0,1740,0,0,0,0,0,0,0,0,0,0,0,0,0,0,0,2624,2625,0,0,0,0,0,0,0,0,0,
0,0,0,1740,0,0,0,0,0,0,0,0,0,0,0,0,0,0,0,0,0,0,0,0,0,0,0,0,0,0,
0,0,0,1740,0,0,0,0,0,0,0,0,0,0,0,0,0,0,0,0,0,0,0,0,1704,1705,0,0,0,0,
0,0,0,1740,0,0,2221,2222,0,0,0,0,0,0,0,2118,0,0,0,0,0,0,0,0,0,0,0,0,0,0,
0,0,0,1740,0,2262,2263,2264,0,0,0,0,0,0,0,0,0,0,0,0,0,0,0,0,0,0,0,0,0,0,
0,0,0,1740,0,2304,2305,2306,0,0,0,0,0,0,0,0,0,1868,0,0,0,0,0,0,0,0,0,0,0,0,
0,0,0,1740,0,2346,2347,2348,0,0,0,0,0,0,0,0,0,0,0,0,0,0,0,0,0,0,0,0,0,0,
0,0,0,1740,0,0,0,0,0,0,0,0,0,0,0,0,0,0,0,0,0,0,0,0,0,0,0,0,0,0,
0,0,0,1740,0,0,0,0,0,0,0,0,0,0,0,0,0,0,0,0,0,0,0,0,0,0,0,0,0,0,
0,0,0,1740,0,0,0,0,0,0,0,0,0,0,0,0,0,0,0,0,0,0,0,0,0,0,0,0,0,0,
0,0,0,1740,0,0,0,0,0,0,0,0,0,0,0,0,0,0,0,0,0,0,0,0,0,0,0,0,0,0,
0,0,0,1740,0,0,0,0,0,0,0,0,0,0,0,0,0,0,0,0,0,0,0,0,0,0,0,0,0,0,
0,0,0,1740,0,0,0,0,0,0,0,0,0,0,0,0,0,0,0,0,0,0,0,0,0,0,0,0,0,0,
0,0,0,1740,0,0,0,0,0,0,0,0,0,0,0,0,0,0,0,0,0,0,0,0,0,0,0,0,0,0,
0,0,0,1740,0,0,0,0,0,0,0,0,0,0,0,0,0,0,0,0,0,0,0,0,0,0,0,0,0,0,
0,0,0,0,0,0,0,0,0,0,0,0,0,0,0,0,0,0,0,0,0,0,0,0,0,0,0,0,0,0,
0,0,0,0,0,0,0,0,0,0,0,0,0,0,0,0,0,0,0,0,0,0,0,0,0,0,0,0,0,0,
0,0,0,0,0,0,0,0,0,0,0,0,0,0,0,0,0,0,0,0,0,0,0,0,0,0,0,0,0,0
</data>
 </layer>
 <layer id="4" name="Units" width="30" height="30">
  <data encoding="csv">
0,0,0,0,0,0,0,0,0,0,0,0,0,0,0,0,0,0,0,0,0,0,0,0,0,0,0,0,0,0,
0,0,0,0,0,0,0,0,0,0,0,0,0,0,0,0,0,0,0,0,0,0,0,0,0,0,0,0,0,0,
0,0,0,0,0,0,0,0,0,0,0,0,0,0,0,0,0,0,0,0,0,0,0,0,0,0,0,0,0,0,
0,0,0,0,0,0,0,0,0,0,0,0,0,0,0,0,0,0,0,0,0,0,0,0,0,0,0,0,0,0,
0,0,0,0,0,0,0,0,0,0,0,0,0,0,0,0,0,0,0,0,0,0,0,0,0,0,0,0,0,0,
0,0,0,0,0,0,0,2960,0,0,0,0,0,0,0,0,0,0,0,0,0,0,2957,0,0,0,0,0,0,0,
0,0,0,0,0,0,2961,0,0,0,0,0,0,0,0,0,0,0,0,0,0,0,0,2958,0,0,0,0,0,0,
0,0,0,0,0,2962,0,2960,0,0,0,0,0,0,0,0,0,0,0,0,0,0,2957,0,2959,0,0,0,0,0,
0,0,0,0,0,0,2961,0,0,0,0,0,0,0,0,0,0,0,0,0,0,0,0,0,0,0,0,0,0,0,
0,0,0,0,0,2962,0,2960,0,0,0,0,0,0,0,0,0,0,0,0,0,0,2957,0,2959,0,0,0,0,0,
0,0,0,0,0,0,2961,0,0,0,0,0,0,0,0,0,0,0,0,0,0,0,0,2958,0,0,0,0,0,0,
0,0,0,0,0,0,0,2960,0,0,0,0,0,0,0,0,0,0,0,0,0,0,2957,0,0,0,0,0,0,0,
0,0,0,0,0,0,0,0,0,0,0,0,0,0,0,0,0,0,0,0,0,0,0,0,0,0,0,0,0,0,
0,0,0,0,0,0,0,0,0,0,0,0,0,0,0,0,0,0,0,0,0,0,0,0,0,0,0,0,0,0,
0,0,0,0,0,0,0,0,0,0,0,0,0,0,0,0,0,0,0,0,0,0,0,0,0,0,0,0,0,0,
0,0,0,0,0,0,0,0,0,0,0,0,0,0,0,0,0,0,0,0,0,0,0,0,0,0,0,0,0,0,
0,0,0,0,0,0,0,0,0,0,0,0,0,0,0,0,0,0,0,0,0,0,0,0,0,0,0,0,0,0,
0,0,0,0,0,0,0,2960,0,0,0,0,0,0,0,0,0,0,0,0,0,0,2957,0,0,0,0,0,0,0,
0,0,0,0,0,0,2961,0,0,0,0,0,0,0,0,0,0,0,0,0,0,0,0,2958,0,0,0,0,0,0,
0,0,0,0,0,2962,0,2960,0,0,0,0,0,0,0,0,0,0,0,0,0,0,2957,0,2959,0,0,0,0,0,
0,0,0,0,0,0,2961,0,0,0,0,0,0,0,0,0,0,0,0,0,0,0,0,0,0,0,0,0,0,0,
0,0,0,0,0,2962,0,2960,0,0,0,0,0,0,0,0,0,0,0,0,0,0,2957,0,2959,0,0,0,0,0,
0,0,0,0,0,0,2961,0,0,0,0,0,0,0,0,0,0,0,0,0,0,0,0,2958,0,0,0,0,0,0,
0,0,0,0,0,0,0,2960,0,0,0,0,0,0,0,0,0,0,0,0,0,0,2957,0,0,0,0,0,0,0,
0,0,0,0,0,0,0,0,0,0,0,0,0,0,0,0,0,0,0,0,0,0,0,0,0,0,0,0,0,0,
0,0,0,0,0,0,0,0,0,0,0,0,0,0,0,0,0,0,0,0,0,0,0,0,0,0,0,0,0,0,
0,0,0,0,0,0,0,0,0,0,0,0,0,0,0,0,0,0,0,0,0,0,0,0,0,0,0,0,0,0,
0,0,0,0,0,0,0,0,0,0,0,0,0,0,0,0,0,0,0,0,0,0,0,0,0,0,0,0,0,0,
0,0,0,0,0,0,0,0,0,0,0,0,0,0,0,0,0,0,0,0,0,0,0,0,0,0,0,0,0,0,
0,0,0,0,0,0,0,0,0,0,0,0,0,0,0,0,0,0,0,0,0,0,0,0,0,0,0,0,0,0
</data>
 </layer>
</map>
