<?xml version="1.0" encoding="UTF-8"?>
<map version="1.10" tiledversion="1.11.1-99-gec89c545" orientation="orthogonal" renderorder="right-down" width="10" height="25" tilewidth="32" tileheight="32" infinite="0" nextlayerid="5" nextobjectid="1">
 <tileset firstgid="1" source="Spaceship-tileset.tsx"/>
 <tileset firstgid="101" source="Space station._32_2-objects.tsx"/>
 <tileset firstgid="1529" source="Space station._32_2-space-light-shadow-blood.tsx"/>
 <tileset firstgid="2957" source="units.tsx"/>
 <layer id="1" name="Floor" width="10" height="25">
  <data encoding="csv">
4,1,1,1,1,1,1,1,1,5,
2,13,12,13,11,13,13,12,13,2,
2,26,26,26,26,26,26,26,26,2,
2,26,24,26,26,26,26,24,26,2,
2,26,26,26,26,26,26,26,26,2,
2,26,26,26,26,26,26,26,26,2,
2,26,26,26,26,26,26,26,26,2,
2,26,26,26,26,26,26,26,26,2,
2,26,26,26,26,26,26,26,26,2,
2,26,26,26,26,26,26,26,26,2,
2,26,26,26,26,26,26,26,26,2,
20,1,17,26,26,26,26,16,1,10,
2,13,13,26,26,26,26,13,13,2,
2,26,24,26,26,26,26,24,26,2,
2,26,26,26,26,26,26,26,26,2,
2,26,26,26,26,26,26,26,26,2,
2,26,26,4,1,1,5,26,26,2,
2,26,26,2,77,78,2,26,26,2,
2,26,26,2,0,0,2,26,26,2,
2,26,26,2,0,0,2,26,26,2,
2,26,26,6,1,1,7,26,26,2,
2,26,26,12,13,11,12,26,26,2,
2,26,24,26,26,26,26,24,26,2,
2,26,26,26,26,26,26,26,26,2,
6,1,1,1,1,1,1,1,1,7
</data>
 </layer>
 <layer id="2" name="Objects" width="10" height="25">
  <data encoding="csv">
0,0,0,0,0,0,0,0,0,0,
0,0,0,0,0,0,0,0,0,0,
0,0,0,900,0,0,0,0,0,0,
0,0,0,942,0,0,0,0,0,0,
0,0,0,984,985,0,0,0,0,0,
0,0,0,1026,1027,0,0,0,0,0,
0,0,0,0,0,0,0,0,0,0,
0,0,0,1068,1069,0,0,0,0,0,
0,0,0,0,0,0,0,0,0,0,
0,0,0,1068,1069,0,1038,1039,1040,0,
0,0,0,0,0,0,1080,1081,1082,0,
0,0,0,1068,1069,0,0,0,0,0,
0,0,0,0,0,0,0,0,0,0,
0,0,0,1068,1069,0,0,0,0,0,
0,0,0,0,0,0,0,0,0,0,
0,0,0,0,0,0,0,0,0,0,
0,0,0,0,0,0,0,0,0,0,
0,0,0,0,0,0,0,0,0,0,
0,0,0,0,0,0,0,0,0,0,
0,0,0,0,0,0,0,0,0,0,
0,0,0,0,0,0,0,0,0,0,
0,0,0,0,1206,0,0,0,0,0,
0,0,0,0,0,0,0,0,1041,0,
0,0,0,0,0,0,0,0,1083,0,
0,0,0,0,0,0,0,0,0,0
</data>
 </layer>
 <layer id="3" name="Blood and shadows" width="10" height="25">
  <data encoding="csv">
0,0,0,0,0,0,0,0,0,0,
0,0,0,0,0,0,0,0,0,0,
0,0,0,0,0,0,0,0,0,0,
0,0,0,0,0,0,0,0,0,0,
0,0,0,0,0,0,0,0,0,0,
0,0,0,0,0,0,0,0,0,0,
0,0,0,0,0,0,0,0,0,0,
0,0,0,0,0,0,0,0,0,0,
0,0,0,0,0,0,0,0,0,0,
0,0,0,0,0,0,0,0,0,0,
0,0,0,0,0,0,0,0,0,0,
0,0,0,0,0,0,0,0,0,0,
0,0,1704,0,0,0,0,0,0,0,
0,0,0,0,0,0,0,0,0,0,
0,0,0,2169,0,0,0,0,0,0,
0,0,0,2539,2212,0,0,0,0,0,
0,0,0,0,0,0,0,0,0,0,
0,0,0,0,0,0,0,0,0,0,
0,0,0,0,0,0,0,0,0,0,
0,0,0,0,0,0,0,0,0,0,
0,0,0,0,0,0,0,0,0,0,
0,0,0,0,0,0,0,0,0,0,
0,0,0,0,0,0,0,0,0,0,
0,0,0,0,0,0,0,0,0,0,
0,0,0,0,0,0,0,0,0,0
</data>
 </layer>
 <layer id="4" name="Units" width="10" height="25">
  <data encoding="csv">
0,0,0,0,0,0,0,0,0,0,
0,0,0,0,0,0,0,0,0,0,
0,0,0,0,0,0,0,0,0,0,
0,0,0,0,0,0,0,0,0,0,
0,0,0,0,2962,2961,0,0,0,0,
0,0,0,0,0,0,0,0,0,0,
0,0,0,0,0,0,0,0,0,0,
0,0,0,2961,2961,2961,2961,0,0,0,
0,0,0,0,0,0,0,0,0,0,
0,0,0,0,0,0,0,0,0,0,
0,0,0,0,2960,2960,0,0,0,0,
0,0,0,0,0,0,0,0,0,0,
0,0,0,0,0,0,0,0,0,0,
0,0,0,0,0,0,0,0,0,0,
0,0,0,0,0,0,0,0,0,0,
0,0,0,0,0,0,0,0,0,0,
0,0,0,0,0,0,0,0,0,0,
0,0,0,0,0,0,0,0,0,0,
0,0,0,0,0,0,0,0,0,0,
0,0,0,0,0,0,0,0,0,0,
0,0,2957,0,0,0,0,2957,0,0,
0,0,0,0,0,0,0,0,0,0,
0,2958,2958,0,0,0,0,2958,2958,0,
0,0,0,0,2959,0,0,0,0,0,
0,0,0,0,0,0,0,0,0,0
</data>
 </layer>
</map>
